134186808
133731106
132639412
133731122
134186285
133453169
134061722
133621708
134186269
133731085
133609160
133453185
133776072
133776099
133274929
133274700
133453249
133731000
134186306
133678165
133274769
133731026
133275702
133453126
133716678
133055259
133666164
132116849
133678149
133741110
134114661
133776056
129251759
133274988
133797404
132651761
134114767
134186841
134073862
129251732
133764637
133682501
134060199
133766923
133797421
133731042
134073723
133055275
134074321
132248681
132475702
133055312
134074700
133767088
129610301
132118351
132250141
132246184
134114724
133766966
133331727
129252073
129611030
134074136
134074081
133788831
134073820
34688478
134071701
129251732
129610328
133764531
129251732
129610328
133764531
132246221
41574489
129610424
131157788
134073846
134074611
133273660
134074494
132444092
133331760
133741849
134074241
132248665
129610205
50622172
133788858
133766940
132569282
133777147
134074347
133273686
134074064
133777850
132444092
133331760
133741849
134074241
132248665
133541468
129610205
50622172
133788858
133766940
132569282
133777147
129610483
134074347
133273686
28275813
133767002
132177650
133741339
133612810
134073985
132723729
134073766
129610281
132569266
49609282
132722726
133787281
51537628
133777833
48004262
132246205
133766966
132444771
134073900
50478646
133055291
133787302
133716707
132723702
133612713
134074574
133055785
50615609
33058707
132248702
33118544
124566196
51649114
133764696
134073889
132639375
133666201
132220822
37607264
37483245
133731069
133788760
132380261
36274919
134073985
133554701
133609047
39716650
37630010
131349704
132118431
132380105
131349667
132137463
29446460
132276640
37825200
133610769
42874096
43100177
42201200
132474101
51732778
133620828
132723729
131157729
41122985
32643138
49609596
52091482
131349641
31107131
133452705
132444738
49609579
132722700
24790321
36514216
42167408
131017494
22867035
127349699
133666181
35715706
133731149
42998475
42697150
28807028
52042607
39459225
125911511
43335623
50519987
132215003
43335619
129555373
131467428
32482963
33559281
46791340
39036254
51146139
125397208
35715667
33684792
132366792
35691656
27591521
131017515
132371161
131664641
16188872
45877938
51523004
130059481
128869354
45707674
129712316
35715691
35454465
14214726
35711814
51145811
39460982
46781910
47567497
36466933
45685391
132377643
124537678
42201222
50343527
35714583
26382241
46791153
39857761
32130179
44036660
41822065
129555779
51726540
46781927
51849142
43049779
50566307
35691331
50232335
31743242
28991564
131017531
14214726
35711814
51145811
39460982
46781910
47567497
36466933
45685391
132377643
124537678
42201222
50343527
35714583
26382241
46791153
39857761
32130179
44036660
41822065
129555779
51726540
46781927
51849142
43049779
129543938
35909209
124031870
132699706
39857773
35715299
45653712
133609215
133561709
52192521
40258053
132595261
132583762
133025631
46791345
132480704
47009263
35711821
44181598
131475778
46696806
29599341
132221770
42577422
45115172
32643114
43406324
51570968
35694168
129543938
35909209
124031870
132699706
39857773
35715299
45653712
133609215
133561709
52192521
40258053
132595261
132583762
133025631
46791345
132480704
47009263
35711821
44181598
45654347
24788484
37424605
48301234
132377686
25196309
46791162
45653733
46524966
28991603
32768848
134174786
125415699
46791412
51900010
36426830
37483440
46802168
35711892
41365165
46696834
36035436
46781899
50871145
31547490
132532720
41905411
34426762
44852395
50343389
25775232
46791417
35712920
36343557
43193815
128371071
38171584
46483759
27769571
28694731
52110607
35713247
38802775
38537103
42694646
47190957
45146264
131532701
31744983
44135814
131778120
43939146
133730980
45032337
40227000
37483273
40258194
35712054
37611929
14865429
44369942
46483773
51308799
130844965
132569240
48609545
44135817
43577016
52655023
45108480
132640721
46791204
46791204
132203555
33059401
35625453
42747518
35712002
37630013
48142150
35712017
42577408
51148348
37483182
41249140
125768099
26472315
46792138
11326735
45695500
28154027
35711836
31969703
37630464
46252935
23967640
45035374
36035431
45032991
39504082
23786709
36424817
31775855
25672618
129068831
46851425
42201565
129712332
37630341
46605617
46538356
46703243
132931747
133561805
133554728
132364383
132580801
129543831
128739251
127843751
128770792
127115067
132595309
133561784
133459721
129891570
49371186
48290609
45125793
44956228
45031670
45032999
44957349
120998637
122949433
47674060
46312675
45654862
45707755
45899113
127344791
124955790
125633434
125397128
34427499
31743252
31261591
29702968
31078721
23967633
33596877
47674060
47674063
127344791
124955790
125397128
124568503
125586228
124758315
123426538
124132646
127843734
124575199
125633434
124678075
131705730
129891570
128739251
128770792
49371186
48290609
123939368
122426018
35676919
35713703
35713009
42104382
41811879
38353501
36520581
37504118
44957349
43833913
42747237
45032999
37386892
34137412
34148486
132595309
131840721
133561784
133459721
38056461
37386892
38225329
33729912
31743252
23967633
43833913
44223626
35713009
35713703
35676919
36520581
46783647
46790315
31261591
38353501
39460981
42748150
39857760
40523647
22281543
27660967
133461821
132639332
28480710
131468092
132248825
132651729
132248729
29882771
132931801
47515902
133038707
28749356
35752026
36124091
38171547
47932367
43790211
29072559
40854481
35711906
125665735
125666691
126830288
129555357
132215986
132380164
128738813
128738901
24788435
22313903
128738936
46860678
36514274
47327375
47009387
132380181
32827751
46897749
132581732
124883538
125472950
124955837
129610897
127366931
127101896
129554709
42628899
14629806
8456290
16529619
132248825
132651729
133038707
28749356
47515902
29882771
132931801
36124091
35752026
47932367
38171547
43790211
29072559
40854481
35711906
22313903
126830288
128738813
132380164
128738936
24788435
128738901
129555357
125665735
34428153
31974626
35237715
36119746
17175739
45722617
129252778
133764590
31744783
131477781
46481992
32976490
35715708
125207881
125945833
127789715
128509949
38172748
41074477
37510524
37049436
45685368
28165501
43841297
128059546
15617692
28393902
35712242
32643067
34428153
35715708
31744783
46481992
17175739
36119746
32976490
129252778
41074477
36859046
37049436
45685368
28165501
37510524
40485896
48180674
43841297
37607247
29859274
132931261
132931245
123674339
43335626
124704499
46483775
37483346
39800599
31547489
45115129
114013521
132890244
129562581
128797151
38941546
31086962
31301603
133342725
40292136
37483448
15908626
38554453
132639359
125809145
42330954
41323261
43335626
133561725
47009588
113280504
125706998
40883256
31086962
31301603
31547489
128797151
129562581
127041635
38554453
37483346
132639359
40292136
39800599
46483775
37483448
125995347
125809145
114013521
125911537
132390047
35715252
40854480
18134702
132201664
35711902
35712623
42401685
45086856
42401694
28991531
43843190
50537808
23114323
132580748
26376393
31010670
37560053
35711547
43484054
31782800
126830261
125419850
124706970
38551665
43448349
35715252
47730549
125911537
37630028
37630023
18134702
40854480
132201664
35712623
42401685
45086856
43843190
42401694
50537808
28991531
23114323
132580748
41322120
33552247
35715525
37950800
37483385
42577471
37950800
44905008
43448363
35712484
132569223
132116865
37483233
35694156
39937263
37607212
35712007
133701708
46897787
35712524
37829701
50245257
112160906
33708394
35675429
21501587
131840704
132118414
37607260
132246168
132248761
133777850
132248788
29884394
42047890
37835557
134074363
134074531
44008316
51721633
51721628
51711089
51712045
51723866
51540214
51540170
51540224
51540112
51540017
51712027
51845464
51540058
51539985
51400825
51539998
51712784
50761780
50077769
49917745
50062791
50360789
49843843
49747148
49839275
49036504
49036500
49750473
49038797
48305572
48280946
48305568
49883744
49584673
49610067
49371246
48831867
49839275
49036504
49036500
49750473
49584673
49610067
49038797
49371246
48305572
48802992
48305565
48280361
48181724
48298643
48180630
48004132
48185201
48184298
48009189
47932721
47734591
46791334
47011439
42104383
47009760
47009203
45695539
45722772
45219077
45383427
45695543
45688914
45653717
45102561
45034353
44852412
45125711
45035413
45106310
44951242
44955590
44850138
44868200
45107635
44850089
43050481
40710644
27984630
48009189
47932721
47763203
52843802
52843804
52761208
52528399
52484623
52484637
52505632
52263694
52039571
52046605
52039575
51913130
52052152
51971967
51721629
51711089
48184443
48185201
48184298
47734591
47734584
51728939
51971967
51721629
51711089
51712045
51723866
51540214
51540170
51540224
51540112
51540017
51712027
51845464
51540058
51539985
51400825
51539998
51712784
51540228
51540202
51540123
51411226
51539932
51305481
45722750
45695539
45722772
45219077
45383427
45899179
50870056
50870055
50859993
50870049
50614578
50858081
50870909
51108419
50870060
50870053
51389359
50328933
50862918
50476612
50870939
50219599
47310620
47310633
51389359
50328933
50862918
50870939
47310586
47310585
47310620
47192123
49747148
49839275
49036504
49883744
49584673
49610067
48831867
48305572
48802992
48181724
50062791
50360789
49843843
49036500
49750473
49038797
34049895
33031225
34050276
32083273
32748320
32105259
30491186
30087361
23583713
27984630
28303187
27818653
21893440
23967641
21648569
52528964
52484625
52484651
52484637
52505632
52263694
52039571
52046605
52039575
51861114
52044547
51817999
51540297
51728939
51971967
51721629
47734584
51383794
51540228
51540202
51540123
51411226
51539932
51305481
51540154
51307324
50870943
51540196
51098928
51540052
51382627
48184443
48004307
35712101
35711781
44996831
26343777
23967641
21893440
21648569
30087361
35632279
52604717
52674887
52530902
52694773
52528943
52528399
52484623
52528964
52484625
52484651
52484637
52505632
52263694
51712045
51723866
42246037
44766473
44850124
44319442
44468012
43050498
42830301
43050467
42093745
40925139
40925122
41074460
23583713
21893440
26343777
21648569
34050276
32748320
32105259
32137178
30491186
21740160
30508426
34049895
50858081
50476612
50870939
50219599
50761780
46605810
21740160
47870131
47167727
46712820
134190321
46712703
51540185
30376265
47870127
35714883
46712733
46712786
37829705
47870132
52048747
32921954
47327648
47337459
35711781
35715474
38940727
42479082
38554477
35712101
26343777
52772912
44904859
132312381
25274083
38457874
35712499
35715665
129891588
35715304
35715539
35712339
35714864
45034364
49126589
22659552
47327379
46605628
47326038
45034364
22659552
46605628
51301228
43928122
52039583
49038804
47327379
40936501
52482841
51971960
52482850
52071016
50566564
47012928
44850159
47517709
39500720
40051460
37509373
52039597
45654329
37273838
47016941
37273838
51837940
47407571
22279341
35713748
35676251
45685363
41385448
52787995
41323247
47579757
35715603
35715247
52789843
46790715
48607567
41249139
45724793
51307326
47009441
46786307
42047894
35711606
42047894
42075426
46786307
35711606
48607567
53457840
50859520
41708575
38113845
39857786
36465658
35715609
35713612
35715685
38554500
38171594
35715411
39054919
53457870
47321950
35711856
35712319
34523346
43335618
52892525
46781902
43335618
53458613
53458584
53457806
35711599
43406321
40984637
35691760
29561379
25776296
50057598
52242721
43922828
134174760
43448357
133764557
44850159
