134186808
133731106
132639412
133453169
133731122
134186285
133621708
133609160
134186269
133731085
133453249
133453185
133274700
133274929
133678165
133776099
134061722
133776072
133731000
133274769
134186306
132651761
133453126
133731026
133716678
132116849
133678149
133666164
133741110
134073862
133055259
133275702
133274988
133764637
129251759
133776056
133797421
133764573
129251732
134114661
134074443
133787388
133731042
134074195
133797404
132248681
134074591
133077722
134114767
134061749
133689788
133273660
134071701
134074700
134073723
133766923
134074136
134186841
134074321
129611030
134074179
134060199
129251695
133682501
133728151
133055312
133055275
134073846
133730963
129610424
132118377
134114724
41964138
134074380
129610301
129252073
134074427
134074558
132474128
129610328
133767088
34688478
132246184
132118351
134074241
132475702
133788831
133273686
134074081
132250141
133331727
41574489
131157788
132444092
133764531
134074064
134074494
133682527
134074347
129610483
133728177
132530732
133766966
133716651
134073820
132651788
133777850
133767002
132177650
47685804
129610205
133331760
132569282
129610281
134073985
132248665
133777147
38869885
134074267
133741339
133788858
132569266
132531701
47209757
133741849
133766940
134073926
132530716
134074005
132246221
28275813
133541468
134073766
134074611
133767045
50622172
47016933
133777833
132246205
134174743
134121721
49609282
132444050
132480721
133666181
133612810
133609194
129610408
134174701
133609143
51537628
134114783
134174727
48004262
133332720
133055785
134114741
133787302
133787281
133767029
132474101
132639391
133731165
132722726
132248702
132220822
134073889
132723702
132723729
133716707
133055291
134074574
133788760
132248841
134073900
133612713
133452705
33118544
133666201
50478646
33058707
132444771
32643138
133554701
50859990
133764696
124566196
36274919
42874096
133610769
132137463
133609047
133666703
29446460
133620828
134074152
50615609
132118431
133731069
134074363
132444738
132380261
132639375
39716650
49609596
132371161
132380105
133453724
132711728
37825200
24790321
134074531
42998475
46147271
50857468
133710381
131349641
32482963
131349704
31107131
27591521
131157729
132722700
36514216
36466933
42167408
42201200
127349699
133453708
43100177
51649114
132215003
44850625
131467428
42697150
28807028
125397208
125911511
51732778
133609215
43335623
43335619
134074515
131017494
46791340
39036254
39459225
45653733
132532746
49609579
133731149
51523004
35715667
132366792
35715706
131017515
29599341
52091482
22867035
16188872
131664641
132699706
45877938
44852411
45146274
128869354
130059481
45707674
35715691
50519987
132110201
35711814
46781910
50232335
45685391
133766982
51146139
35714583
37815269
36426830
39857761
32130179
129555779
41822065
50245252
52042607
46170653
51726540
46781927
51849142
43049779
131475778
35691331
31743242
28991564
131017531
46312600
38870009
47683231
125911828
44852395
35715689
49607306
133274881
50525049
35714339
26382241
46791162
50343527
51570968
35694168
129543938
35909209
124031870
39800605
35454465
45653712
41385429
132595261
124704499
40258053
132583762
133025631
46791345
46696834
132480704
133040701
39500800
45685369
44181598
35691656
36035436
22297460
133818666
35715383
18549656
45031671
36511227
132580764
46791347
46860475
46644017
39800618
46483773
40854482
52651195
129712316
129555373
33559281
52154211
131157761
45034360
24788484
37424605
48301234
132377686
42201222
25196309
132377643
46524966
32768848
125415699
133818682
46791412
48285082
37483440
43102929
35711892
41365165
44036660
125768099
42221796
46696806
46781899
50871145
42577422
31547490
130326711
41905411
50343389
39460972
34426762
46252935
25775232
45722110
35712920
36343557
43193815
128371071
38171584
46483759
27769571
28694731
52110607
42168136
32643114
38802775
44875759
45034348
38537103
47567497
47190957
40485896
45146264
131532701
131778120
44135814
125768030
43939146
133730980
47009479
40227000
37483273
49077535
35712054
45032996
43616366
37611929
131349667
28991545
14865429
44369942
51308799
130844965
132569240
131705730
48609545
41074454
51411224
52655023
45108480
132640721
45115172
46791204
132203555
33059401
134174786
35625453
42747518
35712002
48142150
42577408
48264559
124267760
47009263
26472315
36593016
11326735
46781919
45695500
28154027
31969703
35711836
23967640
44956279
35712031
45035374
36035431
45032991
39504082
46483767
23786709
36424817
31775855
37607228
129068831
46851425
42201565
129712332
46538356
46703243
132931747
120998637
122949433
127344791
125207881
125666691
125419850
124955790
128932536
128738813
132201664
132116865
129648238
129562581
123674339
124568503
124126334
128932561
122426018
125586228
125665735
125995347
126110061
123939368
125809145
132931801
132931261
133342725
133459721
132890244
132931245
127041635
123426538
123426538
129543831
129562581
124955790
124568503
47327375
47674063
48290609
47009588
47009387
47515902
47932367
127041635
128738813
128739251
129648238
132567244
132201664
132116865
45899113
45654862
44957349
44956228
45086856
45032999
45115129
45125793
46312675
43843190
42104382
41811879
45685387
32899835
132118414
45031670
132479746
15808349
132569223
40523647
40854480
42479086
36575990
132364383
132595309
31078721
33489822
35691471
132580748
124126334
123426538
128932536
123939368
123674339
122426018
122949433
113280504
128797151
129543831
129648238
129562581
128932561
128738813
48290609
45086856
45115129
45125793
41074477
41322120
47009588
47932367
40984656
40984725
24788435
31743252
31301603
29702968
30376417
29884394
29882771
31745016
32020862
31547489
31745002
31261591
31010670
28991615
28991603
27984874
27660967
27054368
25832903
25250766
26140122
26376393
28393902
23114323
32020862
31745016
31745002
15908626
15617692
11550967
16529619
15808150
17480954
14725813
45685387
45031670
132479746
132118414
15808349
32899835
132581759
130073911
132696986
129994595
35712370
35752026
133563704
129555357
42287306
47782748
133561784
36514274
33672007
43316508
43577016
37483271
40854481
129554645
34137412
127115067
35691661
25672618
44008034
35713009
129900018
18134702
42479106
34598495
128770792
123670442
131756641
125472950
124575199
127843734
42577471
35715492
35712524
37829701
132931763
131840721
125397128
127843751
124678075
132580801
133561725
128738901
125911537
128738936
131840704
17135534
45688934
44008316
40292136
46790315
41249140
35715475
32643067
132380164
43841297
129252778
131477781
50537808
42694646
35715712
43405820
46481992
45707755
45695578
46860678
132639359
39800600
35711973
124758315
42047896
126830261
43922808
132581775
45685368
47730549
133764590
133561709
46482003
35712027
41122985
125633434
46481999
132390047
125204699
131468092
132215986
132380181
35715504
37425766
33576264
45724289
40175080
35711983
35715479
35715525
44915241
30620471
30616411
38225329
35715723
127115067
34137412
35691661
128770792
131756641
123670442
132580801
35713009
131840704
133561725
42479106
34598495
18134702
124575199
127843734
125472950
127843751
129900018
125911537
128738936
128738901
124678075
42577471
37829701
35712524
35715492
132931763
125397128
131840721
46790315
41249140
17135534
40292136
35715475
44008316
45688934
132380164
43841297
129252778
32643067
131477781
42694646
35711973
35715712
124758315
39800600
132639359
45695578
132639359
45707755
45695578
46860678
39800600
133561709
46481999
133764590
125633434
33576264
132390047
125204699
35712027
47730549
46482003
40175080
41122985
131468092
132215986
132380181
37425766
12975184
44915241
35711983
35715479
35715525
35715504
45724289
40883256
112160906
30620471
30616411
37483346
37630332
37607260
31744783
126830261
42047896
43922808
45685368
132581775
37483182
40523650
124132646
47674060
38940711
37483252
35712373
42267506
132246168
132248788
132248745
129610361
134073942
132248761
50245257
49740355
134074401
129891588
52263694
51712045
51540214
51540297
51540202
51540224
51540052
51540154
51540017
51539932
51723866
51721628
51711089
47327648
47310585
51712045
51711089
51712027
51721628
51861114
51913130
51845464
50858081
50870055
50870056
50859993
50614578
49747148
52039582
52039575
52039571
51383794
51305481
50360789
50524327
50476612
50870060
48185188
47932721
48004132
45688914
45722772
45695567
46459665
45653729
45654863
45654336
45653717
45707644
45685385
15830609
15985534
47310586
47192123
46481714
46416858
46712786
47009606
47009612
44319442
47011439
50870053
52052320
52052152
52052957
52162822
51817999
51389359
52679396
52674887
47734591
47310586
46712786
46712733
47020184
47009606
52988672
52530902
52528943
52484637
52484625
51540123
51540112
51540228
51539998
51540170
51540052
52528399
52484623
51540214
51540058
51540297
51540202
51540224
51540154
51540017
51540196
51721633
51723866
51539985
51539932
51411226
46416858
45037357
44766473
44956444
44905289
44905141
44850138
43922828
44850124
44319442
45724255
45695543
45695539
45707644
45685385
45653717
45102561
45695567
45102578
45115184
46481714
45695531
46459665
46003464
45035413
44868200
47192123
47011439
47009612
44996831
44970784
45102578
42479082
43050498
43335618
45383427
45724255
45695543
45115184
44850124
44868200
44905141
44850138
44468012
44766473
44319442
43050462
43050481
42830301
44850089
48181724
51108419
51971967
47517709
34049895
37227797
36438598
36453457
37452272
33031225
32748320
41708575
38334295
38171594
37957024
37956861
38554477
39513289
40197718
38940727
39054919
39036253
36062169
35632279
35715474
34050276
44468012
40710644
42246037
47020184
47009612
47009606
47327648
47310585
47932721
32748320
34050276
33031225
28302401
27293694
25390182
21648569
21740160
21893440
23583713
23967641
26343777
27818653
25776296
52787995
52046605
51307324
45654329
21893440
52787995
45654329
51307324
41245701
52046605
47009760
48181724
32921954
43448357
39103445
51108419
44850089
47517709
51971967
34049895
52044547
51712784
44955590
51728939
35715609
46791334
46791417
46786307
46792138
42104383
35691760
36465658
38551242
37074785
51382627
38113832
52892525
46795950
32137178
52048747
51721629
41249139
47009203
33362913
49036504
40925122
45034353
52505632
44904859
46481709
52039583
21648569
35715559
52528964
44954709
52790280
52482850
52242721
52843796
52843802
52843804
48004307
49371246
28303187
46696813
41322121
38554485
37835514
46781902
42479096
35715607
52528423
45107635
41245701
52046605
52787995
45654329
51307324
47009760
32921954
43448357
39103445
48181724
51108419
44850089
47517709
51971967
52044547
34049895
46791417
46792138
46786307
35715609
51712784
46791334
51728939
44955590
38113832
35691760
46795950
35715304
35711781
35711894
36062169
35715474
32748320
33031225
42246037
42093745
40710644
38940727
39036253
39054919
38554477
40051460
40443877
40396406
40443534
40197718
39513289
43050467
37957024
41708575
36438598
51098928
52531214
37273838
52484645
25274083
49126589
48184298
45034364
43898195
47326038
22279341
50566564
45654347
22659552
52484651
50219599
47870135
34523346
47870132
35711599
43406321
38113833
31625030
47012928
45381994
47407571
35712101
12339267
27984630
46897680
47016941
45899179
134174760
134190321
38056460
52192527
39500720
43928122
45125711
37509373
39500814
51400825
52482841
