134073862
134074591
133797421
134074443
134071701
134074195
134074321
134074179
134074136
134074700
134073846
134073723
134074427
134074380
134074558
134074081
134074241
134074494
134074347
134073782
134074064
134073820
132651788
134074267
134073985
134073926
134074005
134073766
134121721
134174701
132639391
134114783
134174727
134174743
134114741
132722726
132723702
132723729
134074574
134073889
134073900
134074152
134074363
134074531
134074611
132722700
134074515
132639375
129252778
134074401
134073942
48180630
47932721
51400825
51539932
51568340
52528964
49038797
50870053
