132490742
132620906
133068703
133774026
133408093
133280763
134117167
133621821
133282726
133787741
133621847
133719781
133664741
133276684
133294701
133284449
133775934
133621783
133719764
133319701
133621767
134161854
133710284
133710840
132490742
132620906
133068703
133774026
133408093
133618701
133280747
133771642
133222715
133276561
133437741
133504704
133667749
133431701
133437783
133794123
133794107
133284705
134118961
30420319
133283729
37398203
133710321
133621741
133621863
134138283
133799910
32008221
38404392
38404392
134118928
32030852
132729717
48597407
133252789
134109829
133283702
133276588
21886271
48066803
38709829
31912985
133437708
32030275
34386513
133775918
133728134
41348882
32181530
132381407
134155180
47193089
127842635
20814552
133359703
37963244
132238601
133667722
134185725
133419753
133612705
48597403
36850920
37583226
133257993
133154724
42553790
133437804
38715099
51746598
39103602
33209190
34030659
134117845
34976075
34031793
48303566
35090825
41467436
48305093
133282769
132238643
48597372
52521601
37559351
132496829
133829921
37583590
38709899
52155577
41502435
31912984
33208082
37510883
43684004
40036428
38707885
26696281
133772709
48181132
38701089
133253706
39103611
39103622
35605331
132620922
46462139
42717161
34042755
133284748
132897606
20814494
48705666
47943710
31794967
43617284
48310236
132165827
39103619
47926900
132533028
133829883
13331821
133831001
34400280
34400280
36857104
39076934
32031842
51746604
35436906
48061775
48705658
46578031
29848874
51921459
17363049
38707863
33150144
132490726
47905063
40049137
41324915
23407060
133281820
38707843
121172087
133335787
32071910
39855259
51921474
47012247
28155969
47759754
134117343
46289502
46890841
29752740
28652006
46064079
28930180
49428809
38193958
123207167
132381423
33150827
45302388
28222445
32205378
46289486
37963228
52520913
39075450
43816342
47978378
43221368
38404573
132531532
40571413
38701820
33226786
36857375
27870848
47930037
51344831
43360108
39029705
35436883
34473681
34342950
42717107
46384157
125594797
39103600
133459747
125807220
132488706
125807220
132488706
36987533
47740608
39103603
43321875
39029152
41470072
33345532
31632802
50107317
47742247
36041812
46463266
50270893
125807043
42030117
39103597
42408949
43370883
33344001
41473241
16692724
48703094
43501419
26469443
125323428
48066597
39517636
34597066
22714020
31660407
36041751
32180613
34044268
39103596
38702485
38719613
13331803
31796378
42369094
42717195
48301599
47010645
39103617
38079454
45308124
32482547
133609186
51921457
47932881
44136323
20814401
27393460
50952750
49949781
48291518
29789440
133678923
43816306
51051958
46331343
46971462
132620885
47727089
40036518
133678229
125323399
41469246
47773747
32091678
28222446
47773747
32091678
28222446
31912982
42115348
33217108
15095605
33201468
46847569
41475482
28207166
49949849
37305520
46971474
46642835
48291505
28207450
46847574
42369076
30418257
15645108
53218431
33150530
34947598
51426800
28252390
50286260
9966114
37557127
133257387
34029670
43909989
43816417
27869434
47009469
15645097
12947036
38707860
129001231
46917587
38706059
14186908
51921467
15424466
47009322
133512843
50476609
133829808
49464493
41469248
33224423
48028524
50883815
42152955
21438242
42237476
30326638
40804465
20707327
32099338
15447850
15447860
28057358
45814968
46384152
43321977
33151315
21438261
21437965
32650402
42216496
43146124
32650402
42216496
43146124
51086196
36512940
36857508
50544284
15447833
42860361
132620869
46578036
51979022
47690369
10458741
41470098
38762675
29261885
47800223
20813357
52072715
46641993
52520918
49949233
39783770
41470070
48970577
29530399
45308803
40571591
39790334
46420576
37511218
47484869
48739722
9949876
45187454
39772180
37180649
10459334
43816340
19527131
132490988
44168146
48305575
20813381
24484055
43816400
20814256
20814256
18791721
42354629
36718424
42350840
17534630
39783794
36913641
41502422
26431455
39771486
14206902
10459202
44161877
40571994
51657584
36910152
48307407
20813183
47010604
51904077
51086200
38702543
51363599
44005872
133599985
14202300
132537061
46216463
43816412
30402493
32767144
38356139
13986692
10157050
26459048
51363597
48189870
38707836
39101973
45054016
43816422
40571431
132238627
46847576
43196207
24481851
30423582
43218533
26277159
43433487
43220480
44239953
47800217
20814612
32181031
43816352
17271872
32717783
30423594
46384148
17534066
38707891
20814540
51921428
41466714
48785219
17306808
42115338
33255324
32091115
38715094
34115544
46917492
29859261
43242124
40765942
42469543
42115336
51426798
51426803
51921468
43836776
48492393
44081718
20813294
20814520
24738912
29509253
46917498
17300994
16982977
17271873
51956229
37521036
17271893
51956229
37521036
17271893
51389720
22955950
46733280
47171316
17308138
24289017
35683100
31673490
38715092
41906043
47484884
41616913
48034306
46917582
24745583
14204986
36041809
43073636
27888491
41502420
33191611
22063729
23793158
51960988
27905131
41645314
49464484
40204976
38057024
33350847
41535931
24288959
30402445
41616944
49464480
52617769
49470113
46917631
32006726
38709900
45991174
41764624
27857726
51960972
46947467
49464491
42066975
47368527
17271894
42553792
41502333
28739190
17761116
46420588
18599310
27820846
24264217
27593107
46420601
17271917
51051982
46642828
39783810
32077862
20814317
45307866
51960916
30668287
41502526
30668287
41502526
42066923
37397989
47591225
39783818
47011393
42386210
131493853
9966167
43146146
33740536
38707867
39236902
19127959
49464492
29562644
51960879
23546527
29601910
17271884
49949851
36863527
43436392
46642832
24288964
28340045
34400300
24255021
24263965
52110759
40399054
29630347
37876301
17993390
46428942
46420552
42553780
49428802
14455589
34219537
41468779
28745683
51457104
38712422
37003067
34842446
51956215
38712422
37003067
34842446
51956215
52767948
15095616
32105743
44081719
44637500
41502386
27868696
21885717
44239952
14202304
46440718
43816390
26476624
40177712
35747843
28218472
42473521
39825234
12132252
45991179
45179871
49949772
39077326
37528360
51956221
26441490
39771466
44081802
44081753
38710163
36389043
29512839
46971477
43501415
40177718
43816425
47694400
39506696
51034743
30241426
26993570
16505698
39660614
27876247
43816410
30402532
36913650
40571625
43956208
31172605
47322112
29262436
30402372
34596981
30402553
24443627
31507272
42239325
30402543
30402578
38991631
42084075
33257493
29530563
45434818
12947035
40684514
20814548
52300854
16983007
20814258
38356199
30095101
17491288
43816326
17271906
31004515
30402593
34586423
17306417
18020420
17306592
21885678
43804684
16897098
33287370
38706985
41502457
43442280
23407002
33621715
26427168
43442280
23407002
33621715
26427168
47819670
30388007
30402439
14202308
33924831
45293789
44239947
41300702
33854320
28739193
17993389
46424704
37992411
49470744
52163915
34400307
31861724
50208497
36302594
42471803
41293275
30237699
14202324
45150083
42845072
46258539
35882261
15758507
44239936
33198108
44239933
38698253
14578076
22645271
42152910
38991330
47912003
36126594
34098430
43956165
44942487
33875343
30407803
24734199
25398987
36245046
25845685
33997192
42999318
41463517
14130123
38822076
33228331
15690442
43433795
20814484
20814542
20814280
20813274
20813404
20814118
20814156
21438279
20813267
20814497
20814426
20814359
20813255
17271904
9966399
17852113
17534574
17271883
15447832
20814204
17300198
15425843
10458745
11903114
17527350
16887967
10559724
20814274
15425841
20814340
21437985
15447837
25736995
9966175
9966196
17168460
17306453
15095614
15447866
9966196
17168460
10459135
10444816
17863311
22687855
9966146
20437680
20813235
15673465
15421009
17271904
20814622
16692040
9966399
21437985
20814340
20814274
20814204
14284726
15424531
17852113
20814455
38356157
25575569
25172847
35451748
20813254
17626007
17535948
20813150
17301722
20813296
24288989
20814190
24168787
37876295
15881938
20813260
40805455
24288968
24264080
16007813
17362987
17312805
24288988
125443147
125597349
123470635
51426862
52732494
52887664
16654815
44081745
133661726
133620844
43040777
44081757
44002603
43146245
132477601
132803041
132569944
132118318
132491041
132381386
132952708
132496845
117974351
124835974
47904246
48025917
47804825
48034225
47747424
48435361
48181111
48180646
48305574
48102906
48180778
50363691
50352281
49708427
50491797
48785273
48785296
111057958
113124261
111641636
112775151
111641759
50635170
48739903
19707613
15450391
17164685
17483455
10459206
21438272
38701806
20814196
40171005
12199948
23544354
18220176
8637147
20431017
23297138
17761121
18326483
23297301
17992850
22981450
123207061
125443121
132490785
25746630
24169086
20813278
20813234
20814306
10458878
17363065
20814600
20814330
24483667
20814356
24506627
20813412
20813230
16692147
38701806
17164685
17536316
16806725
17300902
20814592
22540595
16694278
8637147
20814196
47193229
47193077
46642127
46642219
46455287
45945797
46332433
46328480
45790152
47694328
47687832
47687911
47694318
47694322
47691233
47688255
46504203
44561605
44496163
44419250
47687199
47657781
46847577
47506372
46947476
46917654
46917505
46917615
46917606
46917661
47017808
46947466
46947472
48492823
48509508
48492783
48492780
49980637
44183292
44151806
44081781
44081812
43836850
44362014
44332920
44595466
44639319
44357574
38453344
36439595
36913617
41825143
40571525
39771470
39771484
34545157
36224536
38707840
38715073
38702502
38701103
37525920
37324231
40177707
39771492
40177747
32831587
26849469
25184734
25172931
25878713
25876560
42706028
42692046
42553784
42574596
42706061
43322118
43320908
42084030
42115346
42030217
41827196
42350841
42465622
42465005
42465621
42459194
42374655
42350842
42471600
42553774
42508716
42573943
42730490
43150660
22547563
22577272
22589143
22691413
22688237
23623548
23622822
23542112
23475284
23543661
23407007
23407059
23475005
23407000
23407018
23113476
22954147
22687814
22687823
22714024
29601983
30402563
29202890
26441484
38686355
38715096
38709897
38700395
38719615
38702501
38706994
38356143
41471353
41465558
40805435
40702345
40702368
40920789
41044080
40805461
40805465
40805379
37514921
37390302
38278901
38356144
38194809
38108499
38713645
37787039
37785821
16007801
38357368
38406922
38279851
38278897
38277191
38404786
38817035
38265174
37380994
41616936
41645313
42083824
43218781
41473255
41465603
41477847
41502486
41502440
41502463
41464303
50859682
50857300
47905076
47904836
47904246
47836811
47800205
47800345
48305574
48181111
48180646
48180778
48034225
48858890
50319581
50635170
50363691
50352281
50376883
50491797
50859663
48435361
37953339
38155521
40702345
36395428
35893163
35313330
35517561
35436881
38715084
38710159
38709897
38733093
38707827
38706994
38700395
38715085
38719615
38701134
38702501
38708837
38991853
39029696
38472546
38404786
38357368
38406922
38562203
38472546
38702490
39994281
39783853
40394319
40134069
40132818
40177708
40049662
37181397
37002833
37307068
37323405
37510657
37380994
37305513
37514921
37305514
37514927
37582888
37560339
36913605
36944570
34393417
34219543
43371216
44755569
43146007
43146130
43146148
43146179
44162327
44081760
43532036
43494608
43434594
44081750
44081821
44081773
43785935
43816404
43836852
43501399
42083824
42084030
42065707
42067476
42115346
42030217
41949849
42022668
42184848
42115352
42115358
42115356
42115359
42068518
42350842
40920789
40911744
41044080
41502478
41535943
41502440
41502475
41502486
41467440
41345523
41324921
41471353
41427786
41502470
41502468
41465558
41463195
41502453
41470065
41349330
41296012
41324917
41324912
41616901
41473255
41502463
41464303
41465603
41477847
41502379
41616937
41616917
41805361
41645313
41616936
42465622
38278901
39783801
39816547
42374655
42184848
42115352
42350842
42115358
42115359
42149698
42115356
39095057
39103613
39103625
39103616
39075551
39052942
39855258
39783776
39557749
39783853
40457272
36913628
36975906
39079487
42067476
42115359
40541022
40522304
46446364
46449234
46412447
46420645
46412104
46578035
46455287
46642127
46642219
46917654
46917606
45434804
45564436
46504203
46420565
46455587
45790152
45302169
40494273
39095057
41296012
40166427
39075583
39029696
38991853
38991523
38836747
39038915
35893782
35893163
36406458
36395428
36718394
36017419
35697236
41825143
43433795
13224782
20814593
26692799
13002608
25057625
26899658
21073390
16694392
40571789
41831350
14464622
15914788
20814288
25522308
24443663
21441923
13102857
13629616
17029575
23623703
15095614
21886258
24486027
20616757
38719632
16654057
24792686
26703411
21261374
39103621
37584110
42706061
42692046
42573943
42553784
42706028
42574596
43794128
43651575
44081777
43816381
43816339
43816424
43816413
43816368
43816391
43791666
43146094
43150676
43215802
43221658
43214223
43321500
43219062
43433635
22714024
22691413
22691409
22687849
22687820
22687815
26899126
23793116
23793176
23787069
26441484
26440158
23543661
23801773
23622822
23622951
23475284
24230093
24552966
23113476
23101695
23173764
23179007
24552948
48509508
48492783
48492780
48492823
47906498
47899165
47905931
47904836
47727188
47694328
47687832
47687911
47687199
47336775
47394212
47836811
47747424
47800205
47800345
47804825
128601817
125443083
128509076
125597349
127370711
127018582
125443067
125443147
125807191
127585931
127037978
124835974
125064884
111641636
113124202
111641759
113124261
111057958
111641695
112775151
52887664
52898412
52732494
125443139
123470635
125807182
125807203
43216671
20814348
20814280
20813255
20813241
20814118
20656698
18481569
17992795
20149532
20814466
20813370
20814184
22797423
22797670
22797418
20813297
20813320
20814497
20814426
20814359
20814420
20814542
20723253
20814544
132952708
133284721
132569944
132497741
132490902
132477601
50363691
50352281
50376883
50319581
50857300
50859678
50859663
50491797
48435361
48492394
48305574
48493173
47904816
48025917
47905076
47904246
48703594
48611009
48615364
48181111
48180646
48180778
46847577
34545157
36224536
32831587
29202890
28054337
26849469
26899126
26424125
29095147
25876560
26265159
25878713
20813404
20814186
20813376
21940072
21437970
20813274
20813267
17536316
17164685
10459206
17483455
23544354
12199948
18220176
16806725
17300902
16694278
20814196
19707613
15450391
21438272
40171005
8637147
23297138
17761121
17992850
23297301
18326483
22981450
25746630
19277420
21437969
21438279
21438276
21438295
21438296
21438270
21952475
21940609
21886515
21889058
21941005
25172931
24745565
24745581
22687815
22688244
22687843
23623548
23542112
23543661
22954147
22687849
22714024
22687814
20814118
20814542
20814420
21438295
21438276
21438279
21438296
21437969
21438270
23475284
23543661
23542112
23407018
23475005
23407000
23407007
23407059
22589143
22547563
22688237
22687815
22688244
22687843
22577272
23101695
24641867
24734189
24641868
24615645
24552966
24552887
24514519
24550772
24552948
24486553
24981508
23793176
23793116
23801773
23787069
26109707
26427694
26441484
26440158
25184734
27348731
22797670
22589143
23170936
19707610
22874578
23475285
23178967
23292830
23112527
23173550
9967646
23289452
26440626
23180129
23110825
22745604
23179114
23182983
32120555
40571720
41535938
24288984
23176491
23113226
23172927
20814383
35451757
20813266
25576905
20813278
24506627
20813412
20813234
20814306
20813230
20813252
23407001
36913563
24169086
20814330
20814356
17536321
17535207
17450811
38356153
15450369
15645099
9966155
23110124
23113561
23474566
21886246
10444482
20658067
15541558
15447842
17036977
15645112
10439029
15447869
19707606
15537450
15537559
20814600
17363065
10458878
25486536
22687840
17534893
20813333
24483667
14548489
10444440
22935080
10676726
20431017
16692147
123207061
33235221
33230501
33202897
33489848
33484857
33484793
33484863
33128886
33157162
33154068
33997218
33997181
33998308
33924795
33997199
33924827
33924718
34393417
33742779
33651606
33288495
33249579
33211089
33443118
34425902
33198345
36913639
36954391
36913593
36913551
36711153
36681640
36718394
35444214
35468442
35436876
36017419
37002833
36913628
36877849
36913605
36278264
36260090
36824227
36944570
36913638
35135588
32173809
32180221
32207740
32174258
32250327
31337154
31337135
31544884
31514076
32043187
31838265
32029585
31962042
32286802
36009744
35893782
35893163
35135582
35151861
35313330
35631067
32226968
30668268
30695877
30639099
30639095
30898875
31118246
30898883
30898882
30402356
30402355
30402505
30544467
30423581
30402571
30402537
31172759
30402379
30583320
33997218
33997181
33489301
34032557
33955627
33350852
33288495
33128892
33156060
33202897
33230501
33198345
33249579
32867535
33443118
33956757
33998320
34030770
33484857
33484793
33484863
32508915
32482457
32538277
32482546
32538076
32482756
32250327
31962042
32043187
32071909
31838265
32062413
31416966
31388580
31514076
31337171
31337154
31337135
31337192
31337191
31265614
35135582
35151861
35023491
34596988
33174574
33211089
33157162
33128886
33924800
33997170
33997219
29891005
29847169
30093163
29895467
30095089
29530506
29510522
29530533
29530443
29601924
29384516
29261804
29261948
29262951
29370886
29384224
29530643
29530394
29601984
29601954
29530764
29530413
29510391
29549618
33997213
33956757
33998320
34030770
33924800
32482756
32508915
33128892
33156060
33174574
31388580
31103452
31776317
31727958
32147143
32062413
32071914
32071909
31337191
31265614
31416966
31337171
31172759
31172623
30402499
30401952
30583320
30095120
30242734
30898883
30095084
30095115
30095114
30096731
30076664
30095105
30211590
30076758
30095113
30096227
30095085
32071914
32147143
32071909
32207740
32250327
31838265
30402355
30095105
30095085
30211590
29095154
29111674
29510391
29530695
29530506
29510522
29601924
29530394
29632139
29571245
29493123
29513120
29632148
28599036
28719957
28719967
29261948
29530533
29530443
29262951
29261804
29370886
29384224
29629173
29531108
29510377
29530483
29530413
29691873
29691871
29530970
29549618
29384516
30402518
30402409
30402387
30402370
30402381
30423579
30387624
30402386
30402577
30402523
30402559
30402362
32538076
32482546
32482756
32286802
32193920
32174258
32226976
32250321
32173809
32180221
32226968
32071945
32030816
32043957
32207146
31962042
32043187
32062413
31337171
31337135
31388580
31416966
31118246
31007526
29510522
29629173
29510391
29530695
29601905
29531108
29510377
29530483
29530413
29549618
29530764
29601984
29601954
29202885
29152558
29262934
29261858
29261943
29261999
29262009
28774501
29530533
29530443
29530394
27309116
27173340
27366181
27206378
27364895
27362544
27584533
27348763
27231761
27584807
27520229
29895467
29530643
29384224
29370886
29493123
29513120
29384516
29530394
28774501
28719967
28599036
28641579
28743625
27869364
27816572
126902472
134117861
28507527
28131756
28137177
28218854
28225878
28207529
28054326
27584533
27364895
27231761
27393578
27348763
27362544
28054331
27934034
27933828
27520229
27366181
27309116
28347665
27869057
27933828
27914868
27393578
27520229
28054331
27348763
27584807
27816572
27869364
27366181
27584533
27112585
27206378
134117861
27307546
27173340
27364895
27309116
27078865
126902472
27154912
125594818
27148050
24978266
24506319
21437911
21437924
15421003
21438277
10444438
10444806
15447844
15424513
15673491
15424471
17534773
15447843
17532292
15193936
16529031
22688251
22687844
15424502
15447831
9966088
16532416
26872110
15447845
15447827
15421004
15447846
15421011
15450363
15447868
15447867
15447861
15450397
15424530
15582868
15450373
15447826
15421005
15447852
15421033
10444060
10443720
10459136
8635993
17521189
16814588
17471299
41804472
41800639
41804562
41800125
41805357
41824917
41805332
41805142
41806680
41806741
41805328
41804784
41804616
41804520
41799351
18570917
26005156
24978244
39336280
24356688
24399051
24473840
24398789
24536324
37581795
14846015
12985233
12194405
25404117
15690952
14818353
15611540
35136098
24550421
25527809
25528411
25527905
52005886
26899528
36629084
52076285
51900689
19560548
41991277
39282963
23335327
43988601
34733115
24734178
24734187
24734439
24734173
24734179
24734184
24734446
24734197
24734202
24734192
24745587
24734450
24734441
24800769
24786003
24288958
24264235
25527438
25499026
25217414
25410354
25243909
25413933
25467993
13355951
51223685
50988603
50948009
50858475
50858086
50408803
48304860
48030159
48140121
52090441
52050678
52000226
52000261
52000205
51965265
52000266
52375279
52382053
52366699
52372809
52372786
52000225
51926294
50261311
50291284
48030159
48030938
52170810
52172537
52123695
52090441
52732540
52728643
52732500
52479247
51223685
51179815
51343660
51135792
51223612
51710508
51778878
51694503
51706355
51434962
51410640
51422341
36913642
36943214
36913613
36913640
36932885
36932892
37085665
36944635
37396181
39848845
39790310
39783840
39855254
39848852
38357404
38356182
38356170
39348245
39281955
37837337
37787725
40571633
40571587
39827338
39343678
39501445
40173000
40169109
40169158
40571651
40571849
39783784
39506697
40177753
40508540
39771494
39931654
39790335
39783805
40571832
40571528
40571885
40571859
40571538
40571665
40571402
40571856
40571698
52732540
52728643
52732500
52732437
52653735
52728554
52732443
52803505
52786502
53119930
53138543
53395272
52479247
52368319
52372391
52373770
36906181
25624206
23978386
39738010
40190240
23456161
40494291
41831362
36249421
30343386
29512837
29530428
29530425
29530957
29530662
29531209
29530959
29530902
29530931
29530512
29530548
29531208
29530767
29371219
29903523
30095108
30095087
30402411
29530730
29530476
34473687
31402740
48790467
48792712
49421574
52372809
52375279
52366699
52368319
52274516
51866397
51851558
51849050
51860701
51904100
51848999
51967161
51966703
53129840
52309363
52226755
52274684
51709410
51713611
51708963
51708682
52123695
52274684
52309363
52226755
52274516
51706355
51708687
51778878
51710508
51830860
51834898
51834522
51765808
51709410
51713611
51708963
51708682
51694503
51830758
51835179
51834148
52000213
50988602
50932860
51919865
51921125
52000261
51223685
51086199
51135792
51447448
51315133
51518652
51435009
51434728
51847363
51834581
51886093
51839553
51343697
51363602
51708687
51389660
51389648
51334400
51426832
51407218
49421734
49981165
49981113
49980942
49945830
49871643
50408806
50293001
50270902
50279475
50287829
50270899
49981175
49981037
49981133
49980936
49981097
49946284
49981239
49981022
49980961
49980976
50055534
49980816
49980823
49980628
49981164
49980671
49981210
49981206
49981038
49981134
49981039
49980953
49980680
49980983
49980616
50107321
49980995
49981098
49981001
49981055
52085522
52000213
51617933
52170810
52172537
51835833
51852310
51834992
51849087
51830400
51830886
51830434
51830566
51842164
51834124
51835190
51830860
51830758
51852093
51830730
51830614
51834550
51830524
51834987
51834894
51830826
51830782
51830662
51834552
51834141
51830601
49871643
48042255
48030938
48042244
47958571
48137641
47837015
47901662
47854676
47837042
47958614
47854765
47819308
49421526
49421574
49420903
49510618
49421734
49421621
50408806
50335740
48691799
48634506
48634540
52728643
52732500
52732437
52732443
53129840
52728567
52653735
52803505
52786502
52372809
52375279
52000225
52090441
51778878
51710508
51713611
51708963
51518652
51708687
51063297
51046816
51135792
51064994
51086199
49510618
48739010
48738865
48691799
48707590
48593072
48858935
48738612
52375279
52309363
52274516
52226755
52732540
52728643
52653735
52372809
51778878
51709410
51713611
51708963
51710508
51708682
51694503
51706355
49458587
49421705
49420957
49421772
49420961
49420919
49865672
49896065
49896053
49420781
49465146
49404760
49421693
49421719
49421759
50941592
50941596
51062638
50941583
50932788
50932851
50895088
50895068
50934118
50931382
50929860
50988589
50932857
50932820
50941580
50945732
50889234
50858357
50942321
50858224
50858139
50895076
50895082
50632428
50596076
50566427
51389733
51280270
51223719
51341307
51223718
51275766
51223722
45229524
45229531
45229535
45229517
45229559
45172718
45229652
45181684
45180415
45179963
45202666
45188548
45446272
45358832
45358810
45446354
45358864
45434855
45434847
45175336
45158512
45172719
45134149
45134118
45134022
45120798
45134101
45120773
45133924
45134008
45134122
45133934
45133988
45150233
45134132
45134140
45134036
45134013
45133947
45202652
45139794
45136842
45134152
45134138
45133952
45133969
45179873
45229685
49421693
49421719
49421759
49421599
49421487
49421549
49420781
49421669
49421568
49421739
49421712
49421717
49421532
49793402
49744950
49980946
49980641
49980620
49980604
49896053
49896081
49716575
49783143
48634515
42820329
42845086
42704669
134187915
50072325
50084369
49981064
49981141
49981147
49981122
49980907
49980655
49980922
49980666
49980587
49980966
49981248
49981044
49980972
49980640
49981247
49980822
49981007
49981043
48634498
48652551
47836977
47836998
47854710
47854729
47836916
47836787
47854744
47800306
47854750
47854696
47913627
47854724
47854719
47854726
47854743
47854706
47854647
47836990
47854671
47854680
47854640
47854648
49981013
49981135
49980665
49980647
49981190
49981211
49981139
49980594
49980911
49980590
49949859
49981184
50035789
49981145
49981128
49980623
49980610
49980584
49981200
49981266
49981176
49981066
49980827
49981214
49981185
49981032
49980895
49980681
49980649
49980670
49981207
49981104
50051863
49981069
49980915
49949867
49949854
49981103
49980815
49980990
49980930
49981253
49980684
49980596
49980595
49896073
49896079
49896064
49981271
49980646
49980620
49943802
49980984
49980946
49981129
49981051
49981127
49981121
49949847
49980604
49981045
49980959
49980659
49980641
49913330
49865672
49865669
48792808
48792765
48705736
48711346
48707297
51921074
51900777
51904116
51920741
51920411
51904078
51901771
51920123
51920140
51920080
51901110
51920087
51915032
51866406
51914889
51980319
51888788
51904112
51850239
51835198
51834766
51848935
51834990
51710303
47905453
47900462
47854757
47854698
47854752
47854708
47901670
47854737
47849803
47854716
47854654
47854663
47836992
47854768
47854686
47854668
47854653
47854746
47854661
47854753
47854639
47854692
48010418
48027848
45947525
45980382
46016677
45983162
45947519
45945802
45949493
45947518
45947521
45947529
45947524
46330174
46163740
46163754
46163796
46163819
46052299
46176596
46346653
46261982
46163609
46163641
46163803
46163595
52172522
52170763
52170782
52185656
52136203
52170783
52170728
52170756
52170753
52170748
52170781
52214780
52226766
52175455
52344105
52170735
52170749
52172549
52177918
52170793
52163196
52226743
52323439
52275187
46163632
46163801
46111021
45949497
44020551
44081807
44161922
44081733
44151911
44096426
44167170
44248861
44150926
44081730
44081772
44081811
44081817
44081727
44081787
44239917
43470200
43436503
43436100
43436491
43435379
43441516
43480899
43436501
43436108
43436834
43436494
43437944
43437702
43434488
43435284
43435294
43435288
43435012
43434503
43434569
43503751
43480674
43435389
43462520
43436347
43433524
43480670
43480669
48042216
48042387
48026591
48049231
48013537
48025794
48025823
48042406
48042374
48042286
48042289
48076484
47854770
47854736
47854738
47854721
47854758
47854664
47854684
47836780
48137729
48033356
48044745
48053658
48785279
48792696
48785261
48785223
48785232
48858814
48858957
48858909
48843112
48931243
48930593
48792766
48792956
48792761
48792972
48785251
48785289
48858923
48858810
48785281
48792838
48792820
48792973
48792896
43321778
43320974
43321276
43321960
43321228
43321173
43321794
43321467
43321075
43215013
43321026
43221457
43216642
43241109
43373026
43435380
43436122
43435391
43376607
43350822
43342088
42706024
42717177
42713458
49792917
49792764
49744950
49783143
49783120
49708434
49812944
49653550
49420781
49369032
49397447
49421741
49421739
49421712
49421717
49421587
49421515
49421532
49420830
49421669
49421568
49640121
49681261
49610818
51920148
51920136
51921044
51921441
51904088
51920733
51921119
51935608
51901550
51901760
51901765
51921041
51921092
51960992
51960854
51960726
51960805
51919862
51926283
51921051
51921037
51921032
51904075
51921057
49511576
49421595
49464468
49421703
49421673
49421767
49421523
49421688
49421629
49421622
49420871
49421747
49421639
49421710
49457926
49421742
49421788
49421801
49420199
49421627
49421575
49421537
49421766
49421489
51830711
51921102
51830756
51830416
51826134
51835162
51835827
51835180
51834756
51834593
51834532
51830884
51778871
51834729
51834136
51778888
51830859
51848949
51835164
51834736
51834760
51834537
51835191
51835834
49421635
49421689
49420920
49420875
49534141
49420227
49421687
49421758
49470862
49404743
49370791
49368934
49421495
49464472
49404760
49421719
49421759
49421599
49421487
48859105
48858931
48785295
48785304
48792927
51943875
52000203
51960775
51980348
51980324
51980359
51915155
51920153
51960851
51952149
51920086
51960838
51919833
51921045
51921062
51921048
51943806
51920084
51921473
51921458
51921100
51921443
51921033
51921112
51389689
51426817
50931394
50955503
50988613
50988595
50952786
50988608
49465148
49511576
49425195
49421595
49464468
49421703
49421523
49421688
49421629
49421747
49421639
49421710
49421705
49420957
49421772
49420919
51960830
51960848
51960815
51960766
51960733
51960742
51960748
51980298
52000275
52000202
51960777
51980362
51980325
51997624
51965659
51991751
51960977
51960792
51960981
51960883
51960908
51960891
51960826
51960224
42251933
42356876
42251945
42251939
42251983
42247622
42466918
42464702
42459666
42558626
42713454
42310964
42247612
42310982
42247625
42251980
42251942
42251989
42251927
42251922
42293196
42311002
42251941
42251925
52163196
52190450
52185656
52168782
52136208
52277375
52304292
52308605
52275262
52243854
52226749
52243847
52226708
52226746
52226717
52212179
52378065
52000233
52000253
52000283
52000282
52017681
51991469
52050728
42752387
42728909
42706077
42704796
42704661
42704648
42704774
42813783
42886899
42912444
42886892
42247617
42247611
42215729
42193351
42193281
42202730
42356873
42311000
42136013
42717129
42085033
42152918
42084091
52088201
52090881
52090068
52305967
52226702
52215918
52226711
52191074
52136208
52277375
52274934
52170730
52172544
52211869
52190454
52172543
52094498
52094131
52089227
52136155
52094835
52076281
52172527
52170731
52058865
52116488
52101616
52228278
51679364
51682668
51830595
51901549
51848941
51778882
51834140
51830718
51830831
51830735
51920474
51919864
51920156
51919837
51847007
51830774
51830775
51830812
51830724
51830674
49397447
49421741
49421587
49421515
49420830
48858909
48843112
48914828
48792665
48792717
48792766
48792956
48785251
48785223
48792838
48792820
48792973
48792896
48792764
48785291
48859105
48859075
48858931
48859020
53197243
53197216
53161532
53161523
53197242
53161531
53080589
52926119
53197245
53161539
53218437
53129853
53162705
53064287
53129833
53129863
53180920
53129858
53129860
53129852
52086624
52172541
52172543
52094498
49981007
49980629
49980900
49980997
49981112
49980899
49981231
50618297
50645698
50653792
50596076
50607009
50582514
50632072
50582481
50566427
50408787
50408757
50408926
50417745
50462019
50408752
50408781
50631077
50441429
50618381
50618543
50462131
50443783
50621908
50618375
50621916
50671692
50632428
50645841
50566426
50487619
50596077
50621910
50364256
50270898
50268002
50859298
50859330
50858567
50858291
50858333
50858562
50858440
50858184
50858163
50858115
50858164
50666907
48858927
48859098
48859037
48858822
48859067
48858950
48858848
48859051
48859085
48859027
48858875
48858852
48859066
48858879
48890190
48843144
48974920
48888568
48858963
48858840
48858926
48858845
48858899
48859074
48859050
48914819
48858951
48738855
48634493
48652531
48649194
48691822
48738884
48739927
48785244
48792808
48792765
48705736
48792916
48785230
48711346
48707297
43214312
43163235
43163226
43162629
43163090
43434564
43433766
43354970
43437486
43434092
43355427
43505443
44425963
41857823
41855696
41858557
41845369
41873143
41916521
41981159
42439716
42356880
42461989
42458590
48890190
48843144
48974920
48888568
48859100
48859057
48859025
48858884
48858905
48858859
48867823
48859077
49038290
49011475
49001509
48973346
48982049
48932917
49032302
49021326
48985779
49068226
48963360
49001517
47667693
47686308
47667680
47635478
47672913
47686307
47586367
47667700
47686402
47673617
47670522
47667567
47635480
47669201
47575801
47668679
47668252
47633767
47668942
47586282
47586777
47586374
47669927
47670158
48930593
48810533
48858960
48792984
48792932
48792665
48792717
48792706
48792890
48792843
48792761
48785279
48792696
48858923
48858810
48785232
48785281
48859075
48858931
48859020
49001528
49001637
48930528
48931549
47587677
47587681
47574594
47472588
47571853
47484912
47470664
47479028
47468651
47694430
47673932
47672917
47669490
47636568
47668719
47668714
47670021
47667909
47673596
47668244
47673505
47591284
47633622
47635335
51834995
51834731
51835006
51830504
51848998
51834887
51902505
51849025
51848992
51848965
51830872
51830824
51830471
51830543
51848989
51834882
51830703
51830638
51830777
51835840
51835170
51834560
52000206
52050720
47484506
47586260
47579108
47587686
47573863
47574657
47481668
47112263
47086103
47078549
47060759
47077811
47103681
47078792
47112214
47077759
47077715
47310826
47274783
47274763
46329177
46370659
46370838
46163581
46111353
46376771
46401801
46377130
46163734
46163785
46163631
46150765
46202671
46420537
46448370
46449498
46455829
46412461
46442797
46443761
46504498
46433665
46412064
46412065
46420570
46451027
46451099
46420559
48859081
48859031
48785199
48788774
48785207
48792923
48788775
48785298
48785209
48792722
48785213
48792939
48785217
48785290
48785201
48792830
48785245
48785277
48738846
48439488
48435136
48435043
48435153
48391712
48143550
48140282
48140130
48283820
48140374
48140117
48140249
48279982
48137622
48137617
48137727
48358983
48435062
48435026
48309321
48306956
48323375
48180777
48181823
48140290
48140293
48279551
48291104
48137495
46370643
46377031
46377004
46345263
46345284
46370829
46370673
46370645
46376743
46377073
46377138
46376844
46376865
46330990
46388925
46726197
46683953
46691694
46691675
46634940
46610231
46634859
46634618
46634878
51834750
51834543
51834742
51834754
51834142
51830667
51830634
51830881
51835192
51835000
51849058
51834574
51834126
51843238
51830735
51830488
51679364
51849009
51830774
51830775
51830812
51830724
51830674
51830633
46370763
46370843
46370752
46412203
46412003
46412123
46412083
46412079
46443474
46392003
46420506
46390941
46370796
46370777
46370801
46370663
46370862
46370655
46370628
46448103
46370635
46376941
46377059
46376907
51904118
51935608
51901550
51901760
51901765
51960992
51960854
51919862
51920739
51921032
51921057
51921481
51916754
51952382
51900685
51952159
51921486
51920471
51920136
51921073
51921454
51921044
51921441
51965659
46370614
46370616
46370627
46370622
46330990
46329414
46377133
46314914
46186205
46163793
46163772
46163761
46163811
46163722
46174297
46184158
46163759
46163818
46163768
46764685
46847578
46730939
46820410
46891449
49421661
49420200
49420877
49421663
49421635
49420875
49534141
49421758
49401283
49515946
49470862
49404743
49370791
49368934
49421495
49421675
49422076
49420944
49420329
49421765
49421727
49421694
49421543
49421613
46377121
46376906
46376762
46370780
46370692
46370847
46377257
46412128
46434464
46433619
46392480
46433636
46420561
46412032
46370687
46377090
46377238
46376902
46445222
46433741
46412455
46412569
46412107
46412116
51901110
51919861
51903229
51910978
51907333
51921110
51921420
51921435
51921074
51900777
51904116
51920123
51920140
51921045
51967276
51920107
51920090
51952291
51921443
51921033
51921112
51921083
51920083
51920093
49780613
49820249
49681261
49776818
49840462
49792736
49856939
49868861
49708434
49771888
49766572
50000131
50047301
49981152
49981225
49980912
49981070
49980906
49980826
49981049
49949791
49980926
50013240
49980591
50883798
50889410
50858372
50859349
50859400
50858523
50889549
50859564
50858232
50858264
50895083
50858170
50858378
50858605
50858352
50858092
50858410
50858470
50858546
50858165
50858588
50858516
50883830
50858577
45128374
45175336
45158512
45121827
45122866
45134156
45122891
45134054
45134072
45120785
45134090
45133941
45120774
45120845
45133978
45134114
45134046
45120816
45123463
45173391
45172719
45120798
45134101
45120773
43836780
43836784
43836769
43836831
43836788
43836810
43836806
43836832
43836837
43816544
43816358
43801544
43816432
43816354
43816370
43816346
43816527
43811388
43836793
43816320
43816399
43816418
43816377
43836858
50319576
50343431
50331380
50408756
50236920
50268002
50336927
50408768
50331980
50334898
50299405
50334905
50299422
50364256
50270898
50770624
50723357
50859298
50859330
50858567
50859314
50596074
50748508
50653792
50858502
50858284
50858511
50859225
50858274
50858128
50858430
50858254
50859417
50859671
50858556
50858252
50859342
50932861
50884142
50934118
50931382
50988589
50934114
50859324
50858368
50858214
50939398
50859340
50858404
50883810
50883778
50882600
50882332
50858445
50859382
50859411
50859221
50858485
50859347
50858532
50889497
50858338
50858219
50858144
50858189
50858337
50857678
50858364
50859849
50858482
50858379
50858564
50858536
50858440
50858134
50858184
50858163
50858115
50858164
50683349
50633544
50487619
50472802
50543514
50468073
50629620
50441429
50618381
50621903
50621904
50632770
50621902
50645841
50566426
50607009
50582514
50632072
50582481
50568820
50543382
50621915
50408758
50443944
50343438
50444742
50462019
50408750
50376888
50363692
50363686
50360170
44438854
44413597
44846904
44921153
45084438
45101427
45178834
45120340
45133992
50859303
50858560
50858451
50858366
50858392
50803305
50895080
50859315
50859318
50859294
50858158
50858180
50858332
50858212
50858244
50858238
50770624
50859248
50859421
50895092
50858400
50858228
50858303
47905078
45134037
45134113
45133998
45121865
45134091
45133970
45121877
45133958
45133927
45101691
45120312
45133953
45134154
45134000
45133994
45122798
45122795
45122827
45121901
45134104
45134115
45121813
45122876
45122809
45060172
45122805
45122799
45120324
45001235
45179148
45181103
45174719
45173951
45176792
45180738
45181327
45178839
45178106
45169136
45148051
45174720
45233864
45232852
45229492
45134073
45134102
45133999
45134135
45133946
45158363
45255150
45181319
45128374
45186636
45177083
45229541
45229588
45177386
45179961
45181151
45191803
45179071
45178413
45202646
45181644
45139711
45229592
45229598
45229667
45229647
45229688
45229669
47310844
47310830
47310837
47587104
47586439
47580230
47633515
47591861
47579095
47573792
47586264
47635508
47583207
47574656
47579102
47573721
47691247
47574580
47312051
47312050
47310836
47394065
46746492
46746496
46764714
46518049
46594229
46573385
46891449
46805128
46778485
46725594
46765879
46691711
46691713
46511211
46496909
46518067
46518065
46504158
46573285
46573318
46441392
46455574
46455578
46492084
46453401
46455612
44081744
43956236
44162332
44250261
44152058
44161909
44161873
43936207
43836822
43836791
43836836
43836801
43836818
43836789
43836839
43836862
44081708
44081828
44081765
43878926
44163107
44161919
44169696
44155626
48305200
48283852
48435141
48358983
48435382
48435062
48439483
48283856
48279975
48305197
48335976
48307413
48297847
48291140
48189201
48323375
48180777
48181823
48143550
48140290
48279551
48137495
48283820
48140117
48140249
48279982
48137617
48137727
48140123
48140283
48140404
48122760
48140267
48042406
48042374
48042289
48011138
48030681
48031073
48042282
48042217
48005901
48023191
47977961
48033345
48031375
48031665
48031588
43477306
43817072
43615928
43507272
43508648
43504955
43480672
43516981
43669323
43669312
43818012
43818019
43816539
43816429
43601591
43669347
43477298
43505282
44425960
44438857
44425678
44438831
44438895
44438885
46163718
46163682
46163766
46163768
46163740
46163754
46163796
46176596
46163734
46163785
46163631
46202671
46330174
46255704
46347688
46346653
46273974
46262587
46270701
46370765
46370818
46370784
46264291
47274736
50858352
50858092
50858410
50858338
50858219
50858144
50858189
50859292
50857353
50858591
50858457
50858272
50858597
50858260
50858236
50858213
50859289
50858172
50859410
50887159
50858502
50859225
50883838
50858476
47958626
47958518
47958680
48033539
47958681
48032919
48031587
48030742
47958651
47958608
48435111
48137501
48140252
48140139
48137616
48435021
48140136
48140288
48140118
48181827
48123032
48137462
48136190
48133596
41463632
41463557
41463544
40571555
40571346
40571871
40571870
40571574
40571724
40571582
40571369
40571014
40571447
40571981
40571539
40571569
40571853
40571719
40571523
40571439
40571424
40571978
40571627
40571877
50858491
50858550
50858183
50858180
50858332
50858212
50858244
50858343
50858265
50858105
53581336
53330198
53345625
53161491
53197216
53161563
53161532
53161523
53197242
53218599
53162714
53197219
53197243
53129855
45549631
45368270
45518136
45309510
45300440
45308950
45446268
45375421
45446354
45358864
45434855
45434847
45256768
45260692
45229616
45229699
45229475
45229483
45229610
45229444
45257218
45229503
45229438
45293855
48858985
48858951
49421525
49421531
49470871
49421658
49421607
49420785
49458587
49420957
49421772
49420961
49422983
49421665
49404750
49421542
49421731
49470729
49549362
49421765
49515937
49421737
49421713
49421699
38832737
38419210
38404897
38632266
38712415
38683507
38641290
38632263
38647104
38699239
38690273
38690091
38646545
38531532
38511929
38690232
38547311
38572564
38444688
38378891
38548313
38547143
38480837
38561375
51422335
51435065
51434706
51434963
51434727
51434705
51417528
51435030
51135783
51071264
51064932
51406564
51341315
51334454
51435088
51434948
51363624
51434687
51363657
51363618
51363622
51387845
51426744
51426745
51422330
51343692
51334427
51343696
51334441
51334416
51277019
51363580
51224086
51334430
51063742
51006126
51019922
51034749
51065016
50988577
50988559
51170151
51135808
51195274
51064854
51060644
51108521
51064920
47907510
47837047
47836982
47800090
47687784
47694368
47671374
47669972
47579108
47587681
47574594
47574657
47481668
47375347
47312057
47310848
47310852
47392530
47391920
47326335
47369857
47469491
47802998
47901854
50859330
50858567
50858291
50858333
50858163
50858115
50748508
50633544
50621908
50618375
50632428
50621902
50723357
50859314
50858562
50858536
50858440
50596074
50666907
50618297
50631485
50653792
50615657
50618429
47031196
47031177
47061088
47030567
47017706
47013599
47031202
47022325
47021396
46960384
46921066
46921094
46921102
48391712
48435141
48358983
48140282
48140130
48283820
48140374
48131989
48137617
48137727
48140279
50442389
50442396
50343438
50360170
50443781
50366039
50487618
50374348
50408745
50319576
51071264
51059974
51065022
51059106
51050659
51129319
51060644
51064920
50331980
50286596
50331965
50408756
50291131
50364256
51708688
51844850
51711458
51708957
51834880
51834743
51834125
51830742
51830762
51672151
51712034
51657553
51709401
51708964
51673582
51617630
51617627
51693125
51617932
51618208
51524269
51540406
51540310
51581486
36955198
37514917
37406110
37390295
37404379
37514938
37401574
37371857
37520268
37514933
37515042
39100186
39105327
39094538
39210991
39194220
39101963
39182454
39194279
38818092
39211073
38836367
38836092
38841965
50472802
50408781
50629620
50441429
50618381
50618394
50462131
50487617
50443783
50408757
50858411
50858230
50858428
50858506
50858326
50858568
50858148
50858176
50858453
50858524
50858350
50858190
50883419
50858313
50858544
50858491
50858550
50858183
50858542
50858343
50858265
50858105
48439488
48435136
48435043
48435153
48400798
48391712
48435054
48435148
48440195
48439495
48435278
48435139
48443815
48447299
48435144
48435020
47580303
47764441
47721225
47310825
47310801
47385385
47322867
47193235
47259309
47310843
47312056
47259299
47310826
47303222
47230247
47220174
47259313
47021406
47030520
47030501
47030497
47021390
47021366
47185745
47031209
47030099
47030595
47018905
47021929
47021398
47009461
47018886
47030526
47031211
47031191
47031203
47030513
47031193
47031167
47031160
47031174
47031210
47031213
47052284
47030502
46971461
47018914
45788860
40177740
40171034
40177734
40122730
40122726
40394312
40171011
40169578
39965732
40038644
40172990
40169342
40134074
39294814
39099126
39093259
39098993
39345931
39343685
39097921
39080087
39099124
39099138
39100183
46006869
46163608
46163653
46163628
46111392
46163730
46163694
46163836
46377130
46376829
46376648
46376632
46348906
46518062
46634921
46634923
46518066
46518047
46573383
46634660
46634599
46634752
46609154
46663896
42085032
42084064
42085091
42084068
42083992
42060581
42067953
42084104
42084070
42083996
42084079
42083828
41949850
41992482
41949844
42065713
42084014
42085039
42084099
42083843
42083855
42084095
42084006
42084052
52908347
52905711
52912250
52926119
53064287
53197214
53129863
53129858
53129833
53180920
52803888
52804146
52789153
52788134
52788139
52732644
52732593
52732588
52730070
52732549
52378035
52377542
52372821
52372833
39783768
39783836
39771488
40191537
40134062
40177723
40020500
40177730
40122732
39783760
39816554
39783844
44360637
44362010
44359291
44359353
44356857
44357907
44363792
44363310
44357904
44362999
44438825
44365026
52373746
52375274
52344169
52428300
52243844
52304101
52271417
52243863
52226777
52308605
52271470
52226749
52226708
52226746
52271426
52270840
52226717
52212179
52226718
52275262
52243854
52270799
52243847
52309208
43836767
43818012
43818019
43601591
43816406
43816894
43816551
43669364
43679206
43817072
43816539
43816429
43816384
43836848
43816398
43816426
43816438
43836781
43836768
43836825
43968661
43816318
43816376
43818008
43816408
43836864
43836763
43836784
43836769
43836831
43836788
43836810
43816362
43816420
43816322
43816440
43816316
43836856
43836757
43818020
43816442
43836819
43956183
43836780
43816444
43836826
43816394
43816386
45181151
45179148
45180738
45181327
45178839
45229534
45229602
45229630
45229527
45229539
45229456
45229576
45229673
45229508
45234483
45190669
45229504
45232641
45229707
45229453
45229679
45229473
45229563
45237052
41442673
41502522
41502488
41502356
41502464
41502394
41521659
41463551
41463212
41462581
41502542
41463611
41463621
41462657
41464060
41805179
41806278
41806217
41806229
41806341
41804568
41804513
41804800
41805202
52423849
52428283
52485975
47819308
47900847
47580276
47741254
47913618
47837042
45945791
46518054
46457226
46450291
46390188
46412238
46370669
46392368
46376676
45728899
44703780
44703786
47472588
47574657
47481668
47686469
47694350
47668009
47688144
47688185
47721122
47694426
47686505
47686475
47689800
47673161
47673095
47669968
47694430
47673932
47672917
47669490
47636568
47668719
47667693
47686308
47667680
47635478
47672913
47670021
47586367
47667700
47669201
47575801
47668679
47668244
47633767
47635335
47591875
47670465
47670808
47669164
47668193
47078792
47112214
47112263
47086103
47078549
47060759
47077811
46847582
46847573
46857400
47687388
47689535
47672746
47670339
47668072
47575719
47574579
47667425
47574588
47575658
47586434
47672941
47580349
47586200
47667586
47669944
47574661
47541454
47635477
47636218
47570511
47635644
47635486
47162990
41800532
41381917
41371899
41278187
41371905
41319549
41319312
41302632
41303155
41236093
41245255
41253185
41298676
41503944
41552447
41502534
41502524
41575046
41616924
41562775
41502368
41502363
41140487
41227735
41176394
41246267
41252559
41235399
41278205
41222020
41246560
41246117
41502518
41502357
41468774
41408668
41352960
41463528
41463540
41619232
41535883
41800472
41800652
41800357
41800586
41800519
41800327
41800199
50408758
50443944
50373584
50408776
50442389
50442396
50343438
50444742
50408750
50376888
49949867
49981002
49981259
49981223
49981265
49981180
50236920
50013430
49981169
49981159
49981043
49980954
49980923
49980672
49981061
49980901
49980931
49981146
49981106
49981025
49980991
49980660
49776818
49840462
49820249
49856939
49865672
49896065
49832695
49896059
49847283
49860274
49783124
49867479
49872453
49871636
49837348
49806007
49780608
49845114
49792736
49780613
49913330
49792681
49873750
49896079
50468073
50629620
50618394
49896064
50047301
49981152
49981225
49981255
49980916
49980937
49980912
49981070
49980644
49981243
49981194
49980906
48051514
48047998
48112739
48042250
48042368
48031836
48042259
48094736
48032396
48028299
48030820
48033433
48025546
48033175
48026833
48023931
48030987
48033482
48025563
48025972
48030683
48027648
48027194
48027145
49980584
49981218
50036588
49981140
49912109
48435149
48457583
48435152
48435148
48435020
48435144
48440195
48439495
48435278
48435139
48394554
48440190
48435111
48493168
48491799
48491782
48496247
48495825
44161300
41805422
41805362
41805170
41805305
41805148
41805191
41804620
41800675
41800442
41804721
41804576
41806330
41800549
41804455
41806218
41804499
41804485
41806250
41799359
41800580
41800392
41804489
41804843
41800482
41800036
41798378
41798334
41800119
41799508
41799404
41806739
41805285
41800432
41800518
41800365
41800495
41799493
41800490
41799550
41673089
41366094
41305281
42203962
42128224
42115334
42084024
42084087
42083844
48066580
48291141
48303823
48305296
48291148
48283859
48283815
48189201
48182010
48189541
48133607
48130838
48181827
48140261
48112735
48123032
48137462
48133596
48094852
48096338
48120650
48180956
48096340
48336146
48435382
48439483
48305614
47975391
47978630
47913637
47958691
47960494
47905943
47901222
47899161
47907593
47907831
47907803
47978522
47907805
47906168
47904865
47978232
47977932
47865452
48042406
48042374
48011138
48030681
48031073
48042296
48005901
48023191
48031375
48027813
48027012
48014906
47977909
47978679
47978279
48042941
47978784
47975272
47958681
47905078
47901249
47901441
47907984
47899166
47899170
47913571
47908739
46412565
46412373
46412194
46412438
46455607
46446600
46455603
46455609
46412203
46412003
46412123
46420591
46420529
46450322
46405511
46440910
46412083
46412079
46443474
46433783
46455598
46455602
46412531
46412107
48025508
48028021
48027105
48026364
48029574
48027909
48031725
48027124
48025837
48030495
48027556
48042387
48026591
48025823
48038424
47854646
47854675
47905453
47836905
47901686
47841967
47854749
47854737
47854716
46370777
46370801
46370663
46370862
46370655
46370628
46448103
46370635
46412157
46391560
46385715
46412412
46388925
46370641
46370764
46391669
46391603
46370779
46370849
46370775
46370823
46370725
46370741
46370813
38356182
38357404
38700396
38691192
38643625
37787725
37514905
37514915
37514911
37837337
37319906
36833099
37352650
37402458
37396181
40571860
40571801
40571665
40169158
39931654
39827338
40997001
40996773
40207826
36930590
36913612
36913558
39042831
39100186
39100183
39049577
39080087
39099138
39090630
39105532
38991636
38967599
39194279
39099124
39343685
39182454
36721969
36913622
36913646
36913549
38818092
38841965
38874724
38847773
38816250
38907564
38982198
38855991
37086843
37118050
37086050
37086045
38880084
38913627
36913560
36915460
36913627
36913576
36913568
36950932
36913585
36913621
36902496
36913606
36955198
36931460
36930582
36921726
36832673
36913588
36938452
37211777
37180337
37181299
37353924
37085649
37117915
37514917
37428095
37521702
37514924
38997228
40177716
40172991
37694102
37619175
37625511
37828416
37876303
37799700
37826467
46851431
47333770
47259299
47031173
47031213
47052284
47031187
47031185
47030479
47031203
47030513
47031193
47031167
47031160
47031174
47031210
47077722
47030502
47031191
47021406
47030520
47030501
47030497
47021390
22688246
22688247
22687845
22560852
22387743
22387470
22714298
22691099
22688242
22797669
22797676
22687850
22687827
22801544
22687809
22687813
22387754
22387772
22387464
22387489
22387892
22687839
23622823
23622988
23623023
23622786
23603761
23407194
23405147
23474565
23793115
23622801
23622943
23623000
23473664
23403792
23474718
23474518
23407016
23112052
23112947
22387462
22387463
22387458
22364382
22797658
22688238
22691086
45635564
45606077
45640714
45589794
45549390
45549387
45584031
45446401
46541276
46511211
46764714
46496909
46518049
46518065
46504158
46573285
46573318
46573385
46765879
46746492
46746496
46518059
46445832
46487568
40571404
40571859
40571402
40571538
40571473
40571476
40571448
40528922
39855254
40177753
39827338
39790335
39931654
39783840
39783805
39771494
39790310
40169158
40500225
40702371
40571807
40173000
40169109
40207826
24734167
24734454
24734222
24800769
24786003
26265325
25385340
25410354
24981483
24978321
24734441
24734192
24734174
24734209
24552879
24734197
24734202
24699663
24552922
29261973
29261879
29261853
29531208
29530767
29095149
29371219
23343314
23343319
23318943
23474722
23167394
23440087
23403798
23177569
23179994
23179755
23177570
23176742
23176784
23172471
24192024
24207394
24169092
24192799
24336645
23113220
23110089
23173821
29601940
29629412
29530389
29629184
29630569
29629416
29629195
29601935
29630557
31986604
29903523
29095149
29261973
31402740
31172611
31581055
30639047
30402411
30966447
31262250
30695879
30714118
30898874
30095108
24552891
24446956
24398789
24408229
24981490
24356688
24399051
24473840
23622800
23622837
23622574
23688572
23622570
23623006
23622947
23622825
23623020
36913613
35090789
36035664
21938330
22687825
22687826
22797667