134186808
133731106
132639412
133731122
133453169
134186285
134061722
134186269
133621708
133731085
133609160
133453185
133776099
133776072
133274700
133274929
133731000
133453249
133274769
133275702
133678165
133731026
133453126
133716678
133741110
133797404
133678149
133666164
133055259
132651761
129251759
134114767
133776056
134060199
133274988
134061749
133055275
133682501
133766923
134114724
132474128
133797421
132116849
133731042
133689788
134073723
133273660
129251695
133728151
132475702
133077722
134073862
133764573
129610301
134074443
41964138
133787388
132250141
133055312
134074611
134074591
133766966
132118351
134074427
134074558
133331727
133767088
132246221
134074700
134074195
132246184
134073820
129252073
134074380
129610424
129251732
134071701
134174743
132651788
134074494
134074081
132248681
133741849
134074136
134074179
133764531
133777850
34688478
133682527
133788831
129610328
41574489
129611030
129610483
134073846
129610205
132530732
133331760
134074241
133716651
133766940
134073926
132569266
132444092
28275813
50622172
134074064
133728177
132474101
132248665
133788858
134074321
134074005
129610408
133541468
134114741
133741339
132723729
47209757
133777147
132639391
133609143
132480721
47685804
133767002
133716707
134121721
134174727
132177650
133609194
132569282
134114783
38869885
132444050
133332720
133273686
134073766
133767045
133787281
129610281
132246205
132531701
134073985
132722726
49609282
51537628
133666181
134074347
133777833
133767029
48004262
50615609
134073900
133612713
133055785
33118544
133055291
132248702
132639375
132444771
132723702
50478646
51649114
133452705
132118431
133731165
134074152
133453724
134073889
132248841
37607264
133731069
133788760
33058707
132380261
132380105
133666201
124566196
37825200
29446460
131467428
131349704
131349667
42201200
133666703
134074574
133610769
39716650
132444738
43100177
133710381
133554701
24790321
52091482
132137463
46791340
133620828
49609596
33559281
31107131
133731149
132722700
42167408
39459225
133764696
35715706
131349641
134074515
42697150
32643138
50343527
43335623
132276640
50519987
125911511
43335619
42998475
134074363
132118393
45877938
132220822
26382241
51146139
39036254
35694168
46781910
35454465
32482963
51523004
49609579
134174760
127349699
33684792
35715667
35691656
131017515
43049779
42874096
133453708
28807028
16188872
132221770
130059481
29703112
128869354
129555373
134174786
131475778
51711089
37424605
51145811
47567497
132377643
51411224
42201222
29599341
46791153
132370206
39857761
32130179
44036660
41822065
52042607
129555779
46147271
50566307
132215003
31743242
131017531
46312600
129554645
35691331
38870009
44852411
35715689
49607306
133064606
125911828
132651745
133818682
46791389
45115172
129543938
35909209
132699706
35715299
39857773
45653712
133561709
52192521
47009588
47674063
132595261
124537678
42694646
132583762
40258053
46791345
46781927
44181598
125204699
46696806
35711821
42577422
133818666
50232335
37815269
18549656
37049436
36511227
132580764
46791347
45031671
46860475
28991545
46644017
132377740
39800618
130844965
52651195
47870135
131157761
46483767
33687378
132110201
52154211
50857468
45034360
45654347
24788484
132377686
25196309
45653733
46524966
17175739
28991603
32768848
125415699
46791412
51900010
37483440
36426830
32976490
46802168
51148348
41365165
132640704
36035436
46792138
46781899
46781919
31547490
28991564
132532720
44852395
50343389
48180674
25775232
41905411
46791417
34426762
35712920
36343557
128371071
40485896
46483759
32643114
38171584
28694731
52110607
133609215
38802775
47190957
38537103
45146264
131778120
131532701
49077535
45032337
37483273
40227000
133730980
46483773
14865429
51308799
44369942
42201565
48609545
132569240
27591521
43577016
52655023
45108480
48301234
132640721
46791204
132203555
35625453
33059401
42747518
31086962
48142150
42577408
35712002
35712017
41249140
46696834
26472315
31969703
11326735
45695500
28154027
46252935
35711836
46703243
23967640
45035374
39504082
23786709
36424817
31775855
25672618
129068831
46851425
37630341
132931747
41303438
50871145
48264559
48290609
49371186
49740355
44008316
50537808
129712332
132931245
129648238
128738936
128738901
127041635
133040701
132931801
132116865
132580801
133764590
132567244
132390047
132639332
133342725
132569223
132595309
39800599
31547489
38941546
31301603
37483448
15908626
38554453
38551665
35715252
20822843
14725813
37332021
34428153
22297460
42814141
26376393
37560053
31782800
35694156
37483271
39937263
37607212
39206728
29884394
21501587
35675429
123426538
122426018
126110061
133563704
124706970
37611929
36035431
32020862
32642849
24788435
22313903
18134702
15808150
24628601
31601862
31744783
37493033
35711973
35713009
35713703
27984874
28991615
17135534
17656413
8456290
27054368
16529619
11550967
15808349
39206758
37835567
23967633
25250766
32537570
35712586
35715723
30376417
29702968
33729912
31743252
34137412
34148486
31078721
33596877
35676919
38353501
36520581
37504118
37386892
39460981
38225329
25832903
26140122
29882771
36124091
35752026
38171547
29072559
32827751
14629806
31745016
33489822
15617692
28393902
35712242
37483346
125207881
132931261
129994595
131477781
132201664
129891570
132639359
130073911
132152081
120998637
124575199
127843751
125945833
47730549
47674060
126830261
127366931
124955790
124758315
122949433
125397128
124883538
133461821
133766982
133554728
133701708
133459721
22281543
27660967
112160906
114013521
113280504
47932367
46897787
45899113
46312675
47327375
124568503
125768030
133025631
132118414
131705730
132366792
132696986
131016934
131840721
129610897
132581732
128739251
129543831
131840704
128932536
128509949
128797151
125419850
129555357
52843804
128770792
128738813
125666691
129562581
125665735
125633434
132364383
132890244
132651729
47515902
46795955
46790315
46860678
43833913
43843190
45032991
45031670
45032999
43841297
45115129
45086856
42748150
42747336
44223626
45654862
45685391
45685368
45722617
42747237
45707755
44956228
42104382
43335626
132248788
132246168
129610361
134073942
134074531
41074477
40854480
40883256
40523647
40528134
125809145
48185188
52046605
51400825
51389359
51305481
53458599
39500720
22659552
37509373
35691760
32080735
35715665
22279341
35712319
34523346
29561379
25776296
35714864
51861114
51723866
51712045
51721628
47020184
38554477
35715474
36453457
37227797
40197718
39500814
39036253
39103445
38334295
37956861
28303187
27818653
32137178
30480179
30511256
29130452
30491186
30851322
28302401
28607904
25274083
36105018
38457874
31232465
38823367
49038804
49036504
49076264
48831867
48802992
48180630
48280946
48184443
48184298
48280361
48305572
49584673
49750473
49610067
49839275
50057598
50219599
50328933
50476612
50761780
50524327
50566564
44468012
44850138
44850089
45115194
45654329
45298111
47734591
47329299
46781902
46786307
47011439
47012928
46795950
46791334
47932721
48004132
47870132
48305565
47167727
47310633
47310620
47310638
47009760
47016941
45724263
45724793
45722772
45707644
45695567
45695531
45688914
45685363
45653729
45685385
45654863
45695539
45899179
46003464
45722750
45724255
47734584
46980983
47009606
46980941
46980995
47009203
52772912
52242721
52263694
53457840
52484625
52484637
47407571
48298643
48305568
48009189
47327648
47310586
47327379
48004307
48185201
48181724
47870131
47579757
47763203
45107635
53458584
52530902
52484651
52843802
52892525
52761208
52843796
52674887
53457870
53458593
53457806
52505632
52484623
52482850
52528964
52528943
52694773
43050481
133764557
132312381
129891588
134190321
51540154
51540123
51540214
51540058
51540228
51540170
51540112
51540297
51539985
51540017
51540224
51540196
51540202
51539932
51540185
51540052
51098928
52039575
52052957
51817999
51837940
51721633
51728939
51712784
50360789
51108419
50870053
50870939
50870055
50870060
50858081
51307326
51301228
51307324
51271664
52528399
50870943
50862918
50870056
50870049
50870909
47517709
47310585
46605810
46605628
45035413
44852412
44850159
45115184
44868200
44905141
44850124
44850197
44955590
45015304
45034353
45123452
45106310
45125711
45158449
43922828
43898195
44319442
44996831
44956444
44951242
44905289
44904859
45219077
47192123
46712820
50614578
43335618
43448357
43406464
43050462
42830301
41708575
42246037
42093745
42104383
41385448
41249139
41245701
41322118
40925122
40925139
40710644
