133756485
133756522
133720861
133756910
133791184
133718278
133756442
133718358
133720749
133718331
133720706
133736741
133774000
133799733
133789720
133892495
133720845
134162700
133797121
134188184
133244842
133759900
133892452
133756776
133839782
133403743
122701411
30727515
133756813
133781761
133720722
132901548
129696547
133791942
133780805
133780821
133789703
133490701
133246872
132846825
29389919
132386208
133782691
133869367
132325886
133858861
133759011
132126342
132459411
132380720
133797068
13184392
133736767
48263346
133807721
133720909
132140662
133757314
132313551
133395886
133877308
41411756
132126300
132124646
132245780
133397700
51884291
131918903
133256704
41025648
133799776
133759820
132128743
127184636
28698040
132381802
133797148
132126406
9546827
48390819
133787409
41411744
15268200
132472827
133758958
132439701
131922646
134065723
130844906
41419368
132898916
46794839
132386161
132610169
44946031
132326651
129504841
42023185
41025653
133720765
40984023
40982003
126077839
38537130
131922662
37559487
132127601
133078709
43446080
33668433
46860968
133775951
49342416
132372640
45054516
42100329
48143312
46725916
132127581
132801547
132128903
48143314
47357470
23636687
132373642
37559361
132131459
47947399
35204980
128327571
133605708
41025649
12701322
24481899
46318571
132610441
27146664
133217705
49420201
24646931
41637710
129214376
48191780
49689317
129505819
131471558
127189031
132732705
49414618
32088527
132481723
51616452
30463253
49420205
45735975
35230443
51268264
131495664
32591193
128526626
31976281
38164372
18776658
23933103
23447261
28290701
28931843
133332869
132597304
29260252
27440580
23955184
19721225
20592597
27550247
26701968
28636415
45261168
43452663
43346038
42072444
44948326
45555842
41412679
37013412
37407692
38869203
41583412
122702641
131468471
132508914
133074767
129697777
132360745
133718391
132128866
132370265
132367921
132517301
129042594
126888738
128717799
129299074
128524410
132131512
126133108
125628846
132481740
133294145
132323688
132128882
132386144
41175654
40456654
46522381
41131430
41039027
28722632
28879285
18569114
16080887
33153688
33738562
36664476
31485578
35204890
35712155
33393017
30472872
31819461
31746392
35443573
12805467
31375855
30581256
134065707
131916668
131468498
29904053
132250642
132381845
133234741
133840767
50988859
36970665
28225421
28493726
35876474
42250921
42207265
42072362
42206140
27749865
25746646
46861341
45005791
44999635
44963712
51539963
51710690
52215378
49609590
49860333
48391142
48480042
47964942
47894631
48105346
48020864
48476167
48346994
48332235
48392966
49511266
50522117
49462655
50300131
50300176
50202120
49117126
48999803
109013307
50531298
50547835
50300180
51989305
52094245
52082051
52226903
52232952
52226830
48482917
48467291
49702315
50300162
51347759
45150560
45149061
45148421
45149614
45187473
45159376
47418349
47438132
46494423
46494435
46522919
46494389
46238886
44968820
44998884
45005731
44962595
44951880
44970780
44997425
45982356
47920019
46810485
46810479
45158337
45148121
45150739
45155500
45151194
44970433
43955698
44003193
44002909
43955552
44003355
44003395
44003098
44003420
43955719
43955430
40703490
41583484
38090258
38557751
38537131
34470213
41231676
41175650
29138340
28890488
41294619
41175652
41175621
35317134
35255784
35204935
35204953
35231884
35667516
34530232
39535064
51347464
45054462
45107673
52226841
52226910
52226820
52226937
52214109
52242564
51989309
51989299
45149315
45151560
45149617
45151334
45151484
45151559
45150069
45150445
45149497
45149804
45151714
45147990
45159056
51518618
51518737
51531419
51347755
51435569
51380499
51347761
48970763
48861122
48708041
53299359
53298839
52398327
52664018
52658443
52479255
52380812
52879165
52732442
52731591
52732565
52662609
52658436
52921650
52879130
53451315
53652913
53549568
53551181
53550617
53295235
53298797
53295297
53284081
53294905
53294881
52226990
52423850
52232894
52226889
52226929
52226931
52732557
52731636
52732635
52297495
44003038
42071077
42250920
42250650
42214097
42202520
42250403
42249501
42218913
42201148
42879429
45783060
45000745
45005413
45000661
15582910
34391286
34523886
33959463
33616025
33810366
32010762
32220012
32220036
32220031
31375848
31837939
31698603
32531978
32765266
